2.5122949606627221e-01 4.9989102110871534e+02
7.5367617935350861e-01 4.9987284701472237e+02
1.2561228381151097e+00 4.9985541134614158e+02
1.7585694700940162e+00 4.9983888816776067e+02
2.2610160738282845e+00 4.9982344258794950e+02
2.7634626487259748e+00 4.9980922910979177e+02
3.2659091951081534e+00 4.9979639007271902e+02
3.7683557142198909e+00 4.9978505420177504e+02
4.2708022082034951e+00 4.9977533528141902e+02
4.7732486800401226e+00 4.9976733097121257e+02
5.2756951334578792e+00 4.9976112177941962e+02
5.7781415728107683e+00 4.9975677020965770e+02
6.2805880029337819e+00 4.9975432009361799e+02
6.7830344289788052e+00 4.9975379612061118e+02
7.2854808562378288e+00 4.9975520357155818e+02
7.7879272899613596e+00 4.9975852826205693e+02
8.2903737351774112e+00 4.9976373669532103e+02
8.7928201965202675e+00 4.9977077642253772e+02
9.2952666780740962e+00 4.9977957660454723e+02
9.7977131832382298e+00 4.9979004876581035e+02
1.0300159714619651e+01 4.9980208772867047e+02
1.0802606273955238e+01 4.9981557271403096e+02
1.1305052862067985e+01 4.9983036859267787e+02
1.1807499478858009e+01 4.9984632727059210e+02
1.2309946123327549e+01 4.9986328919112600e+02
1.2812392793639958e+01 4.9988108493680204e+02
1.3314839487208497e+01 4.9989953691403491e+02
1.3817286200812376e+01 4.9991846110439343e+02
1.4319732930734405e+01 4.9993766886705919e+02
1.4822179672914771e+01 4.9995696877754659e+02
1.5324626423115509e+01 4.9997616848844376e+02
1.5827073177088213e+01 4.9999507659821990e+02
